1440
1140
1800
1800
810
1320
1170
1470
930
1230
1500
2190
2220
2610
780
1590
1800
960
1350
3330
720
1590
1500
1080
2310
960
1890
1410
960
1680
900
1770
1530
1950
1290
1410
1350
1680
1620
1290
960
1350
1530
2700
1230
1260
990
1650
1620
3570
2790
1410
1170
2280
1590
2550
1800
1440
1170
1080
1890
3480
1560
2550
1890
1380
840
1770
1320
2850
990
1290
1110
1050
1380
1650
1890
1500
1920
1770
2400
2520
1200
1380
2160
2640
2610
1230
1860
2220
2610
1230
1200
840
1410
1170
900
1110
1200
1320
870
1560
1350
840
1110
1440
3270
780
1170
2520
990
1050
810
2550
1170
870
1500
2100
1050
1140
1170
2250
1290
2550
1980
1140
1110
1650
1890
1560
1230
1200
1140
2370
1230
1140
1530
1980
1470
2880
2040
1290
3060
1560
1110
1650
1410
1140
1200
1200
1260
900
1170
2220
2400
960
1080
2460
2010
900
1020
1650
1440
1200
1410
1320
1320
1170
1200
3480
1110
1080
900
1650
1110
1380
2190
2040
2460
1020
2160
1260
1350
1560
1350
990
1920
1500
1350
1230
1110
1170
990
1110
1110
1320
2490
900
1140
1320
1350
1020
1500
1080
2100
930
1110
960
1740
1200
1800
1200
2130
810
1920
1530
2250
1860
1710
930
1590
1350
3030
1590
1440
930
1440
1740
1530
1020
1350
1350
1290
1740
2130
1020
1110
1290
1320
2280
2040
1110
1200
840
1320
1260
1800
960
3150
1290
1020
1320
3600
1440
2790
990
3510
3420
1380
930
1020
1500
3510
1920
930
1140
1320
1050
1080
1380
2070
1200
990
810
1110
1770
1320
990
1110
990
1110
810
2370
2460
1230
1200
1770
2280
1110
1530
1140
1680
1440
2070
1890
2640
2910
810
1890
2520
1620
2790
930
1590
3540
2130
630
1290
1590
3540
3330
3330
780
1140
2670
1080
2040
1980
840
2400
2250
1410
1680
1440
1260
2520
1590
1380
1200
2340
1800
1380
2370
1290
1350
1560
1980
2370
1470
990
1290
1770
1800
1410
1590
1170
1470
1290
2580
2550
1440
2880
960
2040
2670
2730
2790
1020
690
2010
2430
2640
2010
780
1410
1830
2460
2670
930
1560
2850
2310
1560
960
1200
1920
780
2040
1860
1680
1650
990
1500
1680
1350
1710
1650
1710
1320
990
1320
750
1440
840
2970
1560
660
1500
1020
930
1680
630
1260
1080
900
1080
1170
870
840
1830
600
1110
900
960
1260
540
1020
900
870
2340
2280
1920
1320
2970
1380
870
1620
1200
2220
810
840
1380
960
2610
1020
1650
1110
1560
990
1410
1230
840
690
1410
1020
2280
1380
1050
1080
1110
1800
1080
1080
1080
1470
3330
960
1080
1020
960
960
870
1080
1020
900
1770
1260
1050
1080
1170
1110
1380
1320
1770
1500
1800
1230
2400
1440
2940
1770
1380
2010
2220
1260
1980
1440
2490
2850
1260
1500
1230
2310
1200
2700
930
1050
1680
2010
1650
2010
3480
1530
1590
1560
1170
1710
1740
2040
1410
990
2130
1470
1170
1770
1050
1080
1650
3540
3420
1800
1710
1050
1620
1380
1980
1170
3240
2850
2100
1110
2340
1500
2460
1050
930
1590
2400
930
3270
1800
1620
1020
1080
2250
1710
2010
1380
990
3300
2700
1080
2280
1380
1290
1110
1380
2280
1440
3150
1050
1050
1770
1320
1860
2550
1110
870
2280
1260
1380
1020
960
1350
1860
2340
1020
1170
1050
1170
1530
1080
1050
1500
1020
1050
690
2760
1950
1650
1890
1050
750
2370
1530
1500
2670
1080
1260
1170
1740
1080
720
1200
1050
1440
1290
630
990
1800
1290
690
3330
1170
1500
1140
1020
1830
1980
1350
1140
1140
1290
2010
900
1500
1890
2610
1350
1080
1590
1770
1410
1470
990
1170
1530
2730
3480
1650
1560
1380
1230
2430
3150
2580
1470
1110
2490
1440
1350
1440
1860
1080
1800
840
1170
1440
2220
900
1350
900
1140
1620
1740
960
1440
1590
1200
3570
2700
2640
1140
1590
1140
2460
1680
1050
1320
1650
2880
1740
1680
840
2550
2220
1140
1410
930
1620
3570
1050
960
840
1170
2700
1740
1020
990
870
1140
2340
1170
1020
900
960
1320
1830
1140
750
1710
1680
810
1680
1350
1320
810
1620
1260
990
1320
1470
1170
2070
1320
900
1080
1080
1170
900
1800
1020
1110
810
1440
1680
