600
2220
960
4200
1860
1830
930
1710
1500
1290
3660
720
1410
2370
3390
1170
1410
3810
1800
960
1140
1440
1140
8070
1140
1800
1710
1170
930
750
2310
2220
720
930
510
3690
3630
4440
1170
1860
1800
2040
1050
3060
570
12480
1650
3930
1500
3390
390
4020
1620
3930
6120
3480
600
1080
2430
4500
5190
3120
1170
1380
2190
4860
4500
2460
1470
2040
780
3270
1800
510
3630
1050
2970
1410
1560
1530
3600
870
1980
3660
660
1350
3180
3300
2550
2580
870
1170
1500
2850
1680
2670
1410
600
1260
1410
2190
780
750
4230
900
1440
720
1560
1080
3540
780
2010
1440
1170
4650
1380
1200
1440
1350
1080
3870
2340
570
780
600
1200
540
1650
3210
1620
2760
1230
2670
570
1560
960
1260
540
1380
630
900
900
2610
2160
540
570
2070
2910
4200
480
2460
1800
1350
840
1620
5700
2370
2040
4860
1530
3330
4290
2580
1920
870
1890
1080
3630
2220
1530
4710
960
840
6540
1620
2610
930
5370
2730
1800
2100
2730
1650
4260
3240
720
1800
1800
1740
2430
360
1950
1410
1260
2820
600
1530
5160
570
2070
1560
1380
1800
930
750
2760
2760
3480
3240
6150
3330
6120
1770
960
3300
1710
1770
2160
5160
1050
5160
840
1740
1140
930
3030
1770
930
2460
2160
1020
2700
1950
1260
2040
1920
1080
990
5520
2670
2070
1710
1770
2670
1650
900
1920
1440
4200
2280
2430
720
1920
990
2370
1170
2490
690
4200
2490
2190
450
720
1500
1680
1050
930
1410
1500
1380
1020
3810
660
1170
1590
570
1350
1710
750
1530
1500
750
690
1440
3360
1260
570
3570
450
630
900
1410
1590
1200
4650
540
630
750
930
1110
1350
840
1470
960
990
1230
1020
1200
690
510
4020
540
1080
1890
1230
5160
2190
990
600
840
2010
990
2400
2580
1710
3330
5070
300
1710
1230
2220
2940
4860
1110
2550
1170
4380
960
2940
2220
1080
3570
1530
3780
2940
2700
960
2370
1050
2100
4410
8070
1470
1110
2010
1110
1890
3300
930
3930
4020
930
1380
2460
690
2310
3060
510
1320
3450
4170
720
1320
5160
2640
2970
750
840
2640
2640
1530
900
630
1890
1470
990
450
1800
1290
1530
1860
2640
1380
1290
990
1440
1230
1860
660
2400
1290
2130
1530
1050
1470
7680
3210
810
1110
720
3630
1920
2190
1470
660
2130
1590
6420
720
3180
2430
1260
1500
4500
300
1710
990
810
2940
3150
570
1230
1170
2880
1080
4620
900
1080
1230
930
2190
3780
2700
840
600
690
2100
4410
750
570
1320
1080
3570
1350
1200
5850
1560
4020
540
2580
1770
5040
2310
3060
1830
2430
2610
1230
1680
5580
1740
990
5400
1860
480
2640
1560
1530
1260
450
690
3750
840
570
780
990
870
3720
2070
1260
1410
690
420
3120
1530
3180
1770
900
1050
2760
2280
510
1020
810
1110
2670
1500
870
690
450
720
2310
5550
870
900
780
2670
630
2220
2160
990
1410
1740
3120
990
1980
1320
1950
2610
3390
810
540
3060
3390
3120
1650
3150
1410
780
2670
720
2760
5430
1290
870
1770
1980
6840
1380
1710
270
3030
900
2010
1170
690
930
720
1110
510
720
390
690
930
2400
960
390
2460
870
600
990
900
720
2010
510
1650
1050
2670
1230
930
2190
1680
1170
1860
9360
1830
2580
1920
900
2040
9570
600
2520
1140
2130
1050
5790
510
2040
2610
3090
1650
1140
1590
4620
420
720
1620
2520
4410
4290
900
780
1650
900
1500
1860
1740
570
3630
4740
900
990
1320
1590
1260
4500
1770
690
1140
1440
1260
990
1470
750
930
900
750
1410
450
1440
1650
1710
1680
1080
1500
1680
1440
2730
1140
3630
3810
1710
4290
2850
1470
1590
6030
1620
3180
2520
3600
1740
4290
5100
2610
3600
1740
2070
5490
3000
2550
2640
2490
570
8700
6510
2430
3000
3600
2880
1230
1860
2310
1230
510
1770
2370
570
2040
1050
2340
1890
3360
720
1860
1860
1470
1410
2610
720
1800
2040
1860
1080
3120
990
1560
1260
1650
930
2280
900
1950
1110
2670
2130
780
570
3120
1680
750
930
7050
2730
1770
990
2040
1830
7890
2130
1170
1650
1470
8280
2130
1920
1410
1170
2970
420
7170
690
2940
1170
2550
480
6960
1500
1500
780
3300
1140
6930
1320
990
1290
1320
4050
1800
1830
1800
1350
2220
2820
1710
1740
3120
2700
4800
1200
960
6540
1800
810
4500
1860
540
660
1830
780
1650
3150
1590
600
1560
1440
4080
1200
3720
810
4680
1110
9330
1170
750
1950
600
720
660
900
1020
810
1350
1080
810
2130
690
960
600
390
780
3090
630
3060
2100
600
720
720
690
2550
930
930
1950
780
1410
1650
3660
870
2520
3390
990
2400
240
780
570
690
750
2700
600
870
1080
690
570
450
2430
1350
1050
600
750
990
1560
570
1050
2460
690
420
240
600
780
1260
690
570
1680
2640
1050
2010
780
1950
1530
1680
750
1290
2160
1320
2460
540
1860
2400
3960
570
780
1320
1260
2730
1350
1260
1410
1500
630
1530
840
3180
930
1950
570
570
780
420
5340
1320
3090
