1500
1230
990
2700
1470
1680
2640
1110
1080
930
2190
750
540
1980
780
780
1500
990
780
840
2880
990
1560
1230
930
510
960
870
3270
1290
2550
1110
1470
3600
960
1200
1440
930
2940
660
1650
1860
1950
2820
2010
2190
2340
1080
1950
1860
2130
1620
2550
930
1680
2640
3120
3540
3120
1140
1650
2130
1890
1770
1650
2430
2670
3090
3180
1650
1860
2670
3030
3600
1620
3180
2610
1170
720
1290
1380
840
1200
1050
930
990
1440
600
3060
450
780
1950
810
780
1650
720
1260
2790
1440
690
2550
1530
540
1380
1380
3210
1020
2220
1380
1650
2670
930
1740
540
990
2460
2310
2550
2070
1710
1620
1680
2880
2610
1140
2310
1320
900
1050
960
1650
2370
690
2580
1230
600
1440
2130
1590
1230
1140
2550
630
1260
1080
2490
2040
810
900
510
1050
870
600
660
1080
2700
2460
3180
1290
2070
1530
2220
690
1740
630
1200
510
2460
1230
750
1290
1530
720
2070
990
750
960
3300
2040
630
1380
1170
2130
1080
690
1230
390
630
1140
1620
2490
1170
1110
1260
990
2400
2610
420
630
1680
3090
3240
2400
2250
1560
2400
750
2400
3210
510
1620
750
2460
2730
2370
660
1590
1440
690
2220
2490
600
630
720
540
1320
1440
1470
570
2280
780
900
1140
2190
1170
450
2190
720
1050
600
510
1050
1110
900
420
360
570
2640
3360
1740
1080
2190
2010
990
3510
2070
1890
3030
3420
930
3300
2910
1530
2430
1590
1980
420
1800
1050
3510
240
1470
1050
1410
720
1800
1320
1410
720
1020
1020
2520
3510
600
1290
2580
1200
1980
1500
1710
450
2610
1740
960
1050
1710
1770
1410
1530
2310
660
1500
1080
630
2070
3210
600
540
1170
900
1830
2280
600
780
1590
750
2190
720
660
1410
2040
720
1260
1230
900
180
1740
1020
2070
360
1770
1110
2220
960
900
1260
1500
570
1410
900
1440
2340
810
2640
2550
600
2490
2580
2190
2310
1620
1350
1020
1020
330
1770
450
540
1500
390
330
2400
330
1770
240
420
2820
3330
780
420
720
510
2100
720
390
750
1320
180
300
810
2220
660
930
570
1980
930
2970
540
600
300
600
2130
390
990
2040
1440
1050
570
2370
1440
1290
480
600
1410
240
1350
780
2220
450
270
390
2070
240
570
540
570
600
450
2670
390
870
930
2190
780
2160
2910
540
2310
1470
1950
2160
2280
900
2130
1800
2190
3240
630
1380
1770
2880
2160
1620
1620
1080
2490
2580
2400
390
900
1980
2700
1890
2250
2910
720
1860
2400
1710
1020
960
1380
2640
1620
1170
2070
2100
1050
2340
840
1320
2310
1020
1710
1020
1620
1650
1890
1080
1380
1740
1350
810
3000
3510
1710
1320
1860
2340
810
540
2670
2010
600
480
1620
1830
870
3300
1290
780
900
1680
1080
3510
1440
1740
1770
2670
2190
2580
960
2040
3300
1740
1950
780
1410
2370
2460
3390
1800
1800
2160
1590
2640
3150
900
1740
1680
1470
1800
2910
1020
1320
2850
870
3030
1020
1650
150
2640
840
2610
2340
3210
990
2010
1440
1920
780
1170
2190
1920
1710
870
1200
1020
2760
420
1080
720
3240
2040
600
600
840
2130
600
1290
990
780
810
2070
1500
630
1530
3210
1950
2550
1140
3540
2010
3420
750
1020
1830
660
2190
3570
1740
1650
1740
1320
1710
3180
1920
2370
2490
1110
2910
2100
2070
1380
2160
1110
1620
1410
1860
570
3270
630
1860
990
570
1530
3030
2250
510
3240
750
1830
2160
1050
1770
2250
1800
300
840
510
720
2670
660
630
750
780
660
1590
1140
2040
1980
840
600
840
1620
390
510
510
1410
240
570
1260
1680
930
570
780
1560
450
750
1200
210
750
2850
480
390
540
1920
480
750
1470
510
480
1770
3300
1650
660
540
240
1350
2370
540
660
330
2310
3150
